delta_base_ave,theta_base_ave,lowalpha_base_ave,highalpha_base_ave,lowbeta_base_ave,highbeta_base_ave,delta_c3,theta_c3,lowalpha_c3,highalpha_c3,lowbeta_c3,highbeta_c3,delta_c4,theta_c4,lowalpha_c4,highalpha_c4,lowbeta_c4,highbeta_c4,delta_c5,theta_c5,lowalpha_c5,highalpha_c5,lowbeta_c5,highbeta_c5,delta_cc0,delta_cc1,theta_cc0,theta_cc1,lowalpha_cc0,lowalpha_cc1,highalpha_cc0,highalpha_cc1,lowbeta_cc0,lowbeta_cc1,highbeta_cc0,highbeta_cc1,state
1003001,78594,42906,55853,28750,16812,-247821,-17643,-24397,-34904,-19988,-9392,-448578,23989,11587,-54058,-21660,-8594,-7635,-21773,-21606,-50579,-24613,-8650,-200757,440943,41632,-45762,35984,-33193,-19154,3479,-1672,-2953,798,-56,easy
601436,374210,107450,85217,19551,19247,-355636,-339197,-105100,-84883,-17768,-18397,244566,100681,-421,-63072,-4077,10093,462382,-152687,7830,-60215,12777,16566,600202,217816,439878,-253368,104679,8251,21811,2857,13691,16854,28490,6473,difficult
1174786,507094,145748,150070,88549,59330,139271,107520,-32861,-111667,-37349,-35741,-267701,-440063,-136451,-132364,-69486,-52245,35074,-350410,-112863,-112448,-42543,-17341,-406972,302775,-547583,89653,-103590,23588,-20697,19916,-32137,26943,-16504,34904,easy
206927,79019,17918,13847,6136,4687,131919,88704,-12195,-7289,5268,3478,424492,115923,28185,24619,42263,6699,1117364,218929,2029,6449,11404,5349,292573,692872,27219,103006,40380,-26156,31908,-18170,36995,-30859,3221,-1350,difficult
1546044,295466,97994,119731,63186,35104,-1297570,-267704,-95992,-116172,-55414,-26963,-181129,-104552,962,-39711,-47678,-26679,-1394007,-166299,-62605,2170,-39404,-22749,1116441,-1212878,163152,-61747,96954,-63567,76461,41881,7736,8274,284,3930,easy
879139,64167,17401,11350,23733,12133,487732,701613,69042,3395,27119,9258,43889,100521,10579,11833,-15460,-8302,-806072,-12139,-1037,-996,-20572,-9916,-443843,-849961,-601092,-112660,-58463,-11616,8438,-12829,-42579,-5112,-17560,-1614,difficult
1534959,226246,70219,117375,42195,43154,-110736,-88332,-45603,-91797,34498,-24055,-730012,-21894,28696,-23122,-2813,-21580,-312178,-88044,-55228,-34720,-9202,-16757,-619276,417834,66438,-66150,74299,-83924,68675,-11598,-37311,-6389,2475,4823,easy
951513,197537,32076,28237,16309,11277,-910241,-181293,-29113,-27556,-14544,-10035,-805321,-166814,-28338,-25076,-15092,-9707,-621520,-90366,-26022,-21061,-14997,-7330,104920,183801,14479,76448,775,2316,2480,4015,-548,95,328,2377,difficult
372829,151168,17372,12165,11765,8526,260565,-148459,-11166,-7128,-10837,-7658,553243,68752,45480,4985,-6639,769,1422339,42008,83287,-2751,5418,4764,292678,869096,217211,-26744,56646,37807,12113,-7736,4198,12057,8427,3995,easy
167780,41745,14442,7245,3197,4252,279298,16040,-8315,3240,8407,-2733,555554,19446,-9484,21460,4280,6746,-31117,-28409,-13494,120,-1264,-2821,276256,-586671,3406,-47855,-1169,-4010,18220,-21340,-4127,-5544,9479,-9567,difficult
1245445,150574,8610,16739,6878,9455,-1201100,-116830,-240,-12217,-4082,-6992,-1008202,-123288,-4608,-9299,-5138,-6941,618001,446666,129791,47925,12039,28580,192898,1626203,-6458,569954,-4368,134399,2918,57224,-1056,17177,51,35521,easy
1245487,126036,25153,19755,16952,10541,320129,129989,-14507,-11624,6338,13819,-432279,-17035,-17439,-12533,-15357,-8633,-295573,-85843,18130,-6746,-1955,18842,-752408,136706,-147024,-68808,-2932,35569,-909,5787,-21695,13402,-22452,27475,difficult
963101,152619,71220,84089,12376,13889,-552836,-93507,-69919,-43650,-10000,-8883,613624,271621,-33232,-65615,7082,-614,1818259,274384,76732,231980,32426,151265,1166460,1204635,365128,2763,36687,109964,-21965,297595,17082,25344,8269,151879,easy
1604429,444236,185349,78933,65494,69376,-1443553,-421286,-181753,-77052,-61396,-62688,-1414937,-381166,-140036,-54041,-34434,-55918,-920464,-415923,-179895,-74768,-64188,-64206,28616,494473,40120,-34757,41717,-39859,23011,-20727,26962,-29754,6770,-8288,difficult
215109,34748,7277,8649,4513,3405,779324,30951,79674,-3320,5186,4541,-39467,282,-4077,4775,-805,398,1081205,1150092,112739,237083,84932,60449,-818791,1120672,-30669,1149810,-83751,116816,8095,232308,-5991,85737,-4143,60051,easy
990702,112660,46773,56846,15780,14544,-359550,123285,58478,15124,13889,6839,314863,742763,344674,392993,55520,155502,220482,34088,5824,24449,-5731,-4341,674413,-94381,619478,-708675,286196,-338850,377869,-368544,41631,-61251,148663,-159843,difficult
816223,166627,36335,16873,9548,8020,701679,-119621,-33153,-14334,-7405,-5656,1152798,499532,291717,111057,42499,15253,-359764,56499,-24200,5963,-809,8480,451119,-1512562,619153,-443033,324870,-315917,125391,-105094,49904,-43308,20909,-6773,easy
1083433,146777,53969,54101,47779,33143,432489,2052081,459465,29441,159510,65909,-806153,-61363,-45668,-34930,-13917,-23647,218747,865848,5425,-34908,6000,15256,-1238642,1024900,-2113444,927211,-505133,51093,-64371,22,-173427,19917,-89556,38903,difficult
1117763,156973,30783,10026,28650,16565,-1054863,-126834,-20423,1256,-24383,-15004,-132297,131050,-7060,35030,-16922,3850,-106557,-77178,10135,1748,-22601,-11891,922566,25740,257884,-208228,13363,17195,33774,-33282,7461,-5679,18854,-15741,easy
916252,238018,38246,49154,26009,61942,538099,307684,535959,153200,263691,133928,-655420,164142,38038,38615,20836,-21578,15324,-1153,-6969,-27496,16865,-36698,-1193519,670744,-143542,-165295,-497921,-45007,-114585,-66111,-242855,-3971,-155506,-15120,difficult
1426716,159421,127976,23782,15405,21343,-361832,-15144,-96390,-14020,-4941,-1166,-1143495,-56026,-6833,1485,7247,4103,144245,-78610,-115569,-15962,-10941,-13269,-781663,1287740,-40882,-22584,89557,-108736,15505,-17447,12188,-18188,5269,-17372,easy
679246,119766,25568,19435,17793,9420,1197450,116431,21589,-1255,371,3948,333017,258018,37478,20642,10992,12347,19805,53041,4972,4792,26,-4587,-864433,-313212,141587,-204977,15889,-32506,21897,-15850,10621,-10966,8399,-16934,difficult
899072,325884,30830,22985,10463,19619,669520,-39464,58286,14094,14111,26695,1506120,172560,36745,-831,50773,52173,-172424,-128868,3567,-2342,15374,-7813,836600,-1678544,212024,-301428,-21541,-33178,-14925,-1511,36662,-35399,25478,-59986,easy
590528,74283,13497,4962,7671,5726,1007041,-40235,29987,-419,-1492,4813,-512825,106680,-96,-748,-709,-781,-241808,50804,23267,5467,-883,11092,-1519866,271017,146915,-55876,-30083,23363,-329,6215,783,-174,-5594,11873,difficult
1270477,218519,26368,35938,14806,22407,-498316,-2740,6643,-24912,-8995,-6110,768670,-95413,44209,-13703,11326,-11951,-468597,-56680,-14204,-15747,-3625,-2118,1266986,-1237267,-92673,38733,37566,-58413,11209,-2044,20321,-14951,-5841,9833,easy
1478983,382270,74357,135184,76375,25046,1067176,189316,591399,-12304,40064,-3450,-729299,-139319,85145,-116163,-46799,-14727,133379,223436,182643,-22348,22455,-4572,-1796475,862678,-328635,362755,-506254,97498,-103859,93815,-86863,69254,-11277,10155,difficult
769162,279436,32607,45607,22558,10298,-523881,-200110,-22119,-42824,-18545,-2824,-728944,-243860,-29986,-43878,-21360,-8337,-607438,-212874,-4688,-41652,-13113,2129,-205063,121506,-43750,30986,-7867,25298,-1054,2226,-2815,8247,-5513,10466,easy
517294,190054,13702,22310,9555,5717,1758087,259898,70318,14199,37561,18497,165161,-154610,-9318,-15547,-7324,-4079,641939,-97842,11832,898,-4291,4580,-1592926,476778,-414508,56768,-79636,21150,-29746,16445,-44885,3033,-22576,8659,difficult
656236,431385,25187,30126,15072,12913,-539065,-403901,-19026,-28651,-8831,-8319,49812,-361722,-10790,-11770,22867,-45,980204,172729,-7934,54792,17817,21411,588877,930392,42179,534451,8236,2856,16881,66562,31698,-5050,8274,21456,easy
1401346,391286,139047,74232,36819,53793,448353,-289167,-123695,-49961,-8037,-29278,-617104,-292288,-106490,-39583,-27150,-47682,240665,-208311,41796,-59540,-20655,7244,-1065457,857769,-3121,83977,17205,148286,10378,-19957,-19113,6495,-18404,54926,difficult
585815,119939,33888,19917,25081,16002,541330,-64418,-17899,-12991,-13606,11743,296026,-29696,8700,-10364,-9436,313,-288566,-50377,-23412,-14774,-21648,-13366,-245304,-584592,34722,-20681,26599,-32112,2627,-4410,4170,-12212,-11430,-13679,easy
788874,472899,182676,94387,58744,33351,202787,134215,-99061,-87169,52757,133,617729,542974,-89839,-71654,39991,27377,-211497,-268544,-141392,-84844,-46085,-24293,414942,-829226,408759,-811518,9222,-51553,15515,-13190,-12766,-86076,27244,-51670,difficult
1183119,472244,80152,73765,75411,39186,-279862,-432505,46945,-64331,-40183,14592,-132332,-351511,-66136,-48582,-69939,-28687,787091,-318453,-66862,-20243,-52946,-4450,147530,919423,80994,33058,-113081,-726,15749,28339,-29756,16993,-43279,24237,easy
1269963,262135,26784,22531,15554,7564,-146116,-191425,5835,13578,-2484,13996,-480460,-199218,6189,-8898,-9459,-1947,-1045241,-140185,-15002,-6600,2340,3063,-334344,-564781,-7793,59033,354,-21191,-22476,2298,-6975,11799,-15943,5010,difficult
889964,272426,217244,54932,53633,64737,-270957,-76957,-113676,-6838,13982,1335,254449,955095,38041,59066,336,4503,-141404,-199286,-211726,-37416,-19284,-40523,525406,-395853,1032052,-1154381,151717,-249767,65904,-96482,-13646,-19620,3168,-45026,easy
1493006,130464,18898,20207,14204,15714,605529,-27970,-4952,6029,-8088,-8462,-1360278,-85369,-11484,-14738,-10998,-7606,-583225,154505,24077,-12542,-2468,-4555,-1965807,777053,-57399,239874,-6532,35561,-20767,2196,-2910,8530,856,3051,difficult
848300,194480,25665,51459,29863,19842,246151,118384,14838,-38977,-5793,3529,-164984,-7542,6679,-45790,-21442,-9341,-787777,-133605,-19804,-48983,-25241,-11882,-411135,-622793,-125926,-126063,-8159,-26483,-6813,-3193,-15649,-3799,-12870,-2541,easy
521423,142177,16122,9377,13546,6706,1130,-30420,97967,20853,20048,106592,483031,-63653,-10553,5051,-11570,-3441,167329,88452,-11831,43157,6124,10211,481901,-315702,-33233,152105,-108520,-1278,-15802,38106,-31618,17694,-110033,13652,difficult
347474,147938,16668,14298,22321,23064,8710,-53065,-15582,-10640,-13257,-15468,-238423,-91679,-7321,-3509,-16281,-11088,74987,262334,71893,-5580,14929,9466,-247133,313410,-38614,354013,8261,79214,7131,-2071,-3024,31210,4380,20554,easy
1867119,216416,72744,52680,42981,15064,-247234,-120829,9576,-28192,-12909,-1199,-680403,-27673,6347,-6434,-17659,5755,-1707111,-168403,-53049,-46397,-33376,-11824,-433169,-1026708,93156,-140730,-3229,-59396,21758,-39963,-4750,-15717,6954,-17579,difficult
615460,594666,117706,127041,85680,105431,380695,-391446,-96366,-83912,-72404,-93549,1488707,-512133,-112214,-115582,-75810,-102174,10553,-541515,-55076,-107223,-68771,-95460,1108012,-1478154,-120687,-29382,-15848,57138,-31670,8359,-3406,7039,-8625,6714,easy
1641625,84066,26652,35071,16847,8068,-462675,38398,52542,-4372,-3481,-2195,-152693,33836,13233,-13878,-8482,2117,-1541046,-33849,-16497,-30839,-14297,-5862,309982,-1388353,-4562,-67685,-39309,-29730,-9506,-16961,-5001,-5815,4312,-7979,difficult
1175079,253454,55978,31217,39918,18332,-302890,-44199,-16201,-12783,-33872,-1794,-972747,-192524,-46656,-29119,-36383,-16081,-389223,-200170,-43536,-25649,-32655,-6991,-669857,583524,-148325,-7646,-30455,3120,-16336,3470,-2511,3728,-14287,9090,easy
744281,69930,9211,1776,5928,6704,-147717,766016,73740,63085,44420,21591,2884515,136918,120282,135616,20746,11403,244593,-9817,41852,5017,2911,-3471,3032232,-2639922,-629098,-146735,46542,-78430,72531,-130599,-23674,-17835,-10188,-14874,difficult
495639,59867,26006,23594,9312,10380,24109,10273,17087,7271,-4818,-3422,247509,378131,155994,11801,6103,11806,77832,-48061,-18436,-20283,-4436,-7389,223400,-169677,367858,-426192,138907,-174430,4530,-32084,10921,-10539,15228,-19195,easy
930520,77428,37088,26198,8091,15310,399936,107448,3754,18927,5796,5166,185049,84324,88885,-15459,1487,-7378,-3777,62373,74941,7795,5626,4043,-214887,-188826,-23124,-21951,85131,-13944,-34386,23254,-4309,4139,-12544,11421,difficult
534481,260037,55759,29467,60768,18632,1607905,905295,83971,4138,-37524,62234,869724,-110142,27031,-9591,-39326,9325,-205820,-148462,-50133,-26527,-59654,-15697,-738181,-1075544,-1015437,-38320,-56940,-77164,-13729,-16936,-1802,-20328,-52909,-25022,easy
501932,51672,22532,27810,4717,4536,44528,35004,-104,-17229,-2367,158,1203310,1381376,76748,394832,168405,91136,641575,87194,56012,833,13745,7732,1158782,-561735,1346372,-1294182,76852,-20736,412061,-393999,170772,-154660,90978,-83404,difficult
1063406,329849,82505,31823,23059,15115,-506886,-269903,-10257,-4590,-16178,327,-985950,-306483,-77858,-29753,-17779,-14104,778481,-165047,-46790,11412,-15192,-4348,-479064,1764431,-36580,141436,-67601,31068,-25163,41165,-1601,2587,-14431,9756,easy
1255044,555865,70959,30046,45624,37122,-405656,-480595,-30987,12247,-34178,-17167,-1000923,-513424,-58179,-27668,-41055,-33644,1114235,-481820,-51138,8955,-11773,-22427,-595267,2115158,-32829,31604,-27192,7041,-39915,36623,-6877,29282,-16477,11217,difficult
1197025,329884,68705,82240,29000,12687,560968,17770,9298,285406,17326,59129,-1017977,-306172,-59374,-79757,-25086,-10318,-1083502,-299075,-63220,-75654,-22923,-2666,-1578945,-65525,-323942,7097,-68672,-3846,-365163,4103,-42412,2163,-69447,7652,easy
528092,107661,12439,53361,17674,18349,566297,-47674,4009,-48909,-13962,-15789,-389155,-97923,-11219,-52283,-16767,-17700,431768,92868,9689,-21141,4660,-9925,-955452,820923,-50249,190791,-15228,20908,-3374,31142,-2805,21427,-1911,7775,difficult
923470,164881,59486,34922,23781,14930,-736718,-142908,-58760,-24417,-18087,-5058,-746669,-106469,-50280,-15771,-13392,-7420,-881805,-143577,-44630,14643,-9216,-5683,-9951,-135136,36439,-37108,8480,5650,8646,30414,4695,4176,-2362,1737,easy
812687,235347,102745,28527,26457,19016,-590602,-109001,-79699,-4376,-9380,-4135,-65259,-78403,-95748,-18369,-14507,-6350,-469800,59166,28275,-19192,44640,9440,525343,-404541,30598,137569,-16049,124023,-13993,-823,-5127,59147,-2215,15790,difficult
586210,70995,14369,5339,7195,5742,89760,52479,7539,13297,17279,-1142,62861,193473,2437,34198,25503,12233,381235,35599,-551,13282,7434,10219,-26899,318374,140994,-157874,-5102,-2988,20901,-20916,8224,-18069,13375,-2014,easy
1401521,382265,15815,37716,17060,20405,-1276206,-379895,-15443,-35817,-15207,-19194,-892807,-277203,60096,-22400,-2627,-4363,127299,-245717,43038,29751,9997,-5282,383399,1020106,102692,31486,75539,-17058,13417,52151,12580,12624,14831,-919,difficult
190164,75104,12198,8841,4970,3882,884178,-40804,1250,3842,6271,11023,-76833,-8937,-7293,-4775,2180,-1556,1827721,3165,-3180,31029,12934,3376,-961011,1904554,31867,12102,-8543,4113,-8617,35804,-4091,10754,-12579,4932,easy
1883983,211050,46952,35181,17309,9173,-685051,-98388,-21488,-23067,-12667,-1902,-1722806,-201404,-43190,-16185,-15785,-6774,-1414447,-76478,-5069,-22605,-2284,-2525,-1037755,308359,-103016,124926,-21702,38121,6882,-6420,-3118,13501,-4872,4249,difficult
816200,88583,14817,19161,8768,11920,-623081,-74471,-8517,-17568,-6309,-9048,116364,-9210,-12430,-4954,13123,-5316,-252912,-16092,35742,-6902,4795,-3525,739445,-369276,65261,-6882,-3913,48172,12614,-1948,19432,-8328,3732,1791,easy
1253818,257520,72196,19189,20573,23600,-789199,-194580,-53557,-9365,-18577,-17662,-873156,-196655,-65235,12096,-17648,-19778,-1113817,-225055,-55717,-16590,-12441,-21275,-83957,-240661,-2075,-28400,-11678,9518,21461,-28686,929,5207,-2116,-1497,difficult
1793612,178080,71209,21237,26353,23562,-1042460,-73306,4852,-3655,-17754,-19829,-831756,305235,-11278,74889,34426,32200,-918425,2890,-46801,-15123,-7055,-6655,210704,-86669,378541,-302345,-16130,-35523,78544,-90012,52180,-41481,52029,-38855,easy
1127750,122443,22956,33249,14043,15056,2505545,126216,29298,102542,19287,3027,208454,-15222,2140,6934,-7186,-6642,-726350,-103359,-14763,-29973,-10881,-12826,-2297091,-934804,-141438,-88137,-27158,-16903,-95608,-36907,-26473,-3695,-9669,-6184,difficult
330736,118065,9062,13305,7343,4765,99030,203760,69464,80422,18019,37059,24760,-1666,740,2581,625,255,887463,129788,138971,51846,18117,18751,-74270,862703,-205426,131454,-68724,138231,-77841,49265,-17394,17492,-36804,18496,easy
916040,208535,19880,12244,19852,10176,-797137,-30347,1578,-3297,-12411,8594,-804374,-182245,-11427,-7145,-18561,-6549,68890,508989,48916,53949,23197,-2396,-7237,873264,-151898,691234,-13005,60343,-3848,61094,-6150,41758,-15143,4153,difficult
775254,131785,26659,10170,8608,4782,1090935,35210,28981,73145,54982,4145,-613828,-77819,51863,57982,33643,13704,-733221,19587,-16847,-2481,-5684,-1264,-1704763,-119393,-113029,97406,22882,-68710,-15163,-60463,-21339,-39327,9559,-14968,easy
1627121,253598,67031,26177,21476,30091,-516678,-18654,-56574,64264,4498,-21091,-135650,-166016,-54443,-20017,-15903,-24923,-1602957,-219469,-62662,-22645,-19593,-28380,381028,-1467307,-147362,-53453,2131,-8219,-84281,-2628,-20401,-3690,-3832,-3457,difficult
1438109,620153,36382,28721,24698,14812,-1393093,-599735,-31449,-22264,-22208,-12575,-1268005,-553654,-32051,-25273,-23815,-10519,-743324,-598484,-33274,-25456,-17578,-12435,125088,524681,46081,-44830,-602,-1223,-3009,-183,-1607,6237,2056,-1916,easy
931373,420744,59893,45655,10264,6590,-572516,-312579,-37898,40679,-5127,3871,572895,-199887,-50876,-12609,1345,9683,67819,-340215,-34423,-40015,-4884,3720,1145411,-505076,112692,-140328,-12978,16453,-53288,-27406,6472,-6229,5812,-5963,difficult
1185933,602546,183784,106114,26037,30026,-1144179,-581882,-180885,-103715,-24220,-28725,-1094760,-587304,-181446,-102451,-25502,-28891,2199895,-21133,-93286,-92482,11638,-12756,49419,3294655,-5422,566171,-561,88160,1264,9969,-1282,37140,-166,16135,easy
873494,35742,14318,5786,3689,11259,491969,9020,-8461,16880,-682,-5078,-750434,-25071,-13867,-3347,-3056,-9581,-189955,-26780,7609,4737,-1181,-7886,-1242403,560479,-34091,-1709,-5406,21476,-20227,8084,-2374,1875,-4503,1695,difficult
942851,173889,33017,29514,6974,17311,-59822,-84471,-23346,-20589,1302,-12383,-759935,-105857,268,-17827,-2208,-8090,43542,83617,44449,-21251,7010,-8082,-700113,803477,-21386,189474,23614,44181,2762,-3424,-3510,9218,4293,8,easy
1270294,138759,39335,25234,5516,5705,-421995,-29695,42784,11964,17739,10584,187695,1534,-9553,1737,19866,17449,442491,-67429,14602,15858,23017,486,609690,254796,31229,-68963,-52337,24155,-10227,14121,2127,3151,6865,-16963,difficult
830151,66343,23061,28775,12393,8915,-517678,436716,31096,75508,42885,16088,713139,430047,13550,691,3011,9958,-801966,-63399,-22004,-28368,-12008,-8594,1230817,-1515105,-6669,-493446,-17546,-35554,-74817,-29059,-39874,-15019,-6130,-18552,easy
823795,53796,17231,7551,8566,5484,-117936,223896,-11901,36664,1082,3429,-152198,9679,-7806,6819,4268,2411,-706705,-32633,-12325,-5186,-6681,-2837,-34262,-554507,-214217,-42312,4095,-4519,-29845,-12005,3186,-10949,-1018,-5248,difficult
616424,64987,43098,24856,14516,12502,983781,80530,41,-10680,-9816,490,-422428,733108,134931,97834,61383,28953,-457884,-50807,-35046,-23047,-10449,-8720,-1406209,-35456,652578,-783915,134890,-169977,108514,-120881,71199,-71832,28463,-37673,easy
708502,179997,24873,15860,11593,10783,545156,169556,10821,21158,25681,14134,-653798,203881,30847,-1545,-5546,2740,140736,581267,47449,-6289,142,3603,-1198954,794534,34325,377386,20026,16602,-22703,-4744,-31227,5688,-11394,863,difficult
1025227,108631,52274,53384,19440,24410,1214302,-52829,-25992,-3405,-12428,-15703,-386272,-47216,-34434,-44546,-15270,-15687,-941441,-96960,-36613,-50272,-15872,-23161,-1600574,-555169,5613,-49744,-8442,-2179,-41141,-5726,-2842,-602,16,-7474,easy
360940,245529,28631,16978,10940,9038,1949341,61696,12418,8687,-2353,911,-19471,-199974,29083,-11490,-1549,-1185,88170,-218076,-22396,-12870,-8444,-2292,-1968812,107641,-261670,-18102,16665,-51479,-20177,-1380,804,-6895,-2096,-1107,difficult
600646,182513,111606,73669,18135,25268,-366101,-117637,-91583,-67544,-9663,-21485,164199,-86927,-95045,-62081,-13680,-22330,194777,-208,-88061,-52940,1543,-4686,530300,30578,30710,86719,-3462,6984,5463,9141,-4017,15223,-845,17644,easy
319308,146287,18611,5840,6483,4627,1758189,-55156,113430,44881,30729,19805,251517,-113611,-16854,-3309,8498,12205,329853,-85802,14593,5142,6058,2652,-1506672,78336,-58455,27809,-130284,31447,-48190,8451,-22231,-2440,-7600,-9553,difficult
552569,56173,31514,8693,6063,3949,1326782,923158,3269,52999,7390,24178,-382905,7578,-18087,-2040,-3549,-2717,-502819,-21932,-28141,-2432,-3803,-31,-1709687,-119914,-915580,-29510,-21356,-10054,-55039,-392,-10939,-254,-26895,2686,easy
755017,270020,9522,11787,24615,7739,894204,-153628,100051,1889,-5395,6609,-287887,-240983,-3512,-6864,-19839,-3661,309018,-215338,-916,-6356,-7549,5962,-1182091,596905,-87355,25645,-103563,2596,-8753,508,-14444,12290,-10270,9623,difficult
400423,68036,8707,13777,6011,7290,1474778,270712,79353,16129,3498,9624,-385135,-62699,-7899,-11260,-2271,-4037,515646,14171,31716,13162,5,-3083,-1859913,900781,-333411,76870,-87252,39615,-27389,24422,-5769,2276,-13661,954,easy
1013304,157030,17464,31812,11905,18990,-681938,68282,41732,-12209,25392,5345,-970429,-151273,-16493,-30828,-10610,-18553,-970429,-151273,-16493,-30828,-10610,-18553,-288491,0,-219555,0,-58225,0,-18619,0,-36002,0,-23898,0,difficult
996618,297299,124186,42796,33719,23731,-874080,-268966,-121267,-39776,-32997,-21148,-345553,-271592,-117891,-41112,-29999,-21653,-869674,-279081,-120876,-39735,-32639,-21020,528527,-524121,-2626,-7489,3376,-2985,-1336,1377,2998,-2640,-505,633,easy
1092151,350685,75741,103328,30383,25671,409311,-340778,-74533,-99375,-27119,-23100,-1054732,-332516,-71979,-101641,-29762,-24628,-968159,-239019,-64873,-100012,-27532,-23408,-1464043,86573,8262,93497,2554,7106,-2266,1629,-2643,2230,-1528,1220,difficult
360465,296268,7985,8856,22541,9156,1553500,45089,81138,60394,-10129,21181,-97130,-202420,3507,-3713,-20219,-5020,1098550,-13036,63611,100653,-9255,23274,-1650630,1195680,-247509,189384,-77631,60104,-64107,104366,-10090,10964,-26201,28294,easy
558079,71655,13131,10297,2280,3495,1430700,28110,61257,22024,4238,7850,189577,170829,36982,6531,8791,10010,-227271,-4657,-4821,-6794,1927,1033,-1241123,-416848,142719,-175486,-24275,-41803,-15493,-13325,4553,-6864,2160,-8977,difficult
965265,163341,69462,16966,14392,23089,-593515,-103919,-52499,-14473,-8106,-16913,-346564,-100788,-48312,-3039,-4520,-18732,210215,129524,-33680,33859,-955,-10718,246951,556779,3131,230312,4187,14632,11434,36898,3586,3565,-1819,8014,easy
94803,27730,6054,4379,3921,3669,1196069,145257,161946,26242,6455,24035,1643827,777489,285007,156545,30147,37676,227015,1707,-4617,-2373,-997,-2338,447758,-1416812,632232,-775782,123061,-289624,130303,-158918,23692,-31144,13641,-40014,difficult
1029169,98524,28700,28724,11987,17344,-685821,-55704,-12207,-10621,-8720,-10450,17506,-68585,-17510,-19344,-7453,12164,-354910,11567,-18856,-3480,-7840,6547,703327,-372416,-12881,80152,-5303,-1346,-8723,15864,1267,-387,22614,-5617,easy
629584,86593,25680,7248,6486,7462,841110,743802,-13350,16792,7211,40153,-269084,82173,2838,6409,-1660,1357,-603471,-63202,-23941,-4866,-5363,-5173,-1110194,-334387,-661629,-145375,16188,-26779,-10383,-11275,-8871,-3703,-38796,-6530,difficult
430693,20279,6642,4713,2264,1892,810171,205397,94181,48731,12284,11174,-38453,71246,13599,20824,19625,2944,-229561,-12625,-3954,-4177,-1533,-960,-848624,-191108,-134151,-83871,-80582,-17553,-27907,-25001,7341,-21158,-8230,-3904,easy
1174529,517943,129485,145108,54044,32218,317501,-182444,-80195,-6840,-19810,-977,209565,-434885,-124686,-106127,-34489,-16375,643760,-363611,-112586,-107965,-46035,-24802,-107936,434195,-252441,71274,-44491,12100,-99287,-1838,-14679,-11546,-15398,-8427,difficult
706417,135201,93162,20358,22532,23974,402316,196384,-69724,169970,8503,8796,57241,-100061,-81198,-11964,-17828,-21837,747516,12406,-18192,62318,32731,3387,-345075,690275,-296445,112467,-11474,63006,-181934,74282,-26331,50559,-30633,25224,easy
873441,121356,23203,33782,16612,7315,1110261,-107766,-19693,-24073,-10957,-5198,195406,-23997,-13691,-7434,4883,-917,-671416,-90017,-16328,-25398,-15223,-4077,-914855,-866822,83769,-66020,6002,-2637,16639,-17964,15840,-20106,4281,-3160,difficult
947604,53016,25563,39162,23456,19048,-485545,41439,-10859,-18421,-14023,-15451,-883196,-28646,-22513,-37106,-21116,-18190,-359334,130088,-15909,6016,-12998,-14538,-397651,523862,-70085,158734,-11654,6604,-18685,43122,-7093,8118,-2739,3652,easy
286372,80222,20101,9202,6269,10319,1802959,601271,5977,147475,63702,25771,2027164,231907,190178,78135,16756,80272,104521,171645,121449,57320,37356,3764,224205,-1922643,-369364,-60262,184201,-68729,-69340,-20815,-46946,20600,54501,-76508,difficult
688573,350147,49827,35218,46325,21897,-138294,-265557,-18278,13794,-40085,-1301,-62089,-237067,-34535,-11034,-41092,-9930,1305180,-140001,144897,57835,30447,3450,76205,1367269,28490,97066,-16257,179432,-24828,68869,-1007,71539,-8629,13380,easy
802938,270510,199760,56181,40871,46115,-43442,-253500,-178101,-50207,-33842,-43311,-48774,-20837,-187366,-38422,-33773,-34364,-531859,-236588,-191796,-31615,-35010,-42417,-5332,-483085,232663,-215751,-9265,-4430,11785,6807,69,-1237,8947,-8053,difficult
2311730,405933,189583,60584,39611,41894,-124857,276688,-165311,68303,-17195,-15135,-2212231,-352331,-164042,-51314,-33678,-35730,-1065154,-306280,-148789,-53479,-30968,-34466,-2087374,1147077,-629019,46051,1269,15253,-119617,-2165,-16483,2710,-20595,1264,easy
1061336,112236,25097,22018,12464,9857,454921,-1621,21335,9086,15136,14854,-555393,-53556,-613,-14913,-11112,-6492,-734512,-77560,-10732,-12843,-9443,-5294,-1010314,-179119,-51935,-24004,-21948,-10119,-23999,2070,-26248,1669,-21346,1198,difficult
677991,128430,22625,14576,10255,6399,-102538,-57135,-15203,-9956,-7741,-1492,1416056,-82105,-18339,17606,-5261,9340,-476109,-100881,-10775,-10315,-6748,-3757,1518594,-1892165,-24970,-18776,-3136,7564,27562,-27921,2480,-1487,10832,-13097,easy
422713,105876,25671,15546,15903,7185,-106370,-1714,15029,-11187,-9764,-2669,-140986,82199,19412,10049,-5829,3163,-121297,22048,21290,35881,-3291,-514,-34616,19689,83913,-60151,4383,1878,21236,25832,3935,2538,5832,-3677,difficult
654906,451082,11173,17719,30852,26362,111965,-241454,82215,1685,-8547,-2061,-642776,-435887,-9848,-13197,-30606,-25814,1048875,-319129,4335,5630,-15210,-16406,-754741,1691651,-194433,116758,-92063,14183,-14882,18827,-22059,15396,-23753,9408,easy
779433,274833,64278,41088,36701,34891,-558942,-179004,-47389,-29343,-12643,-9854,-701860,-262102,-62880,-32722,-31076,-32756,-74080,45204,-42366,5373,34756,-9760,-142918,627780,-83098,307306,-15491,20514,-3379,38095,-18433,65832,-22902,22996,difficult
